71.52
1.41
23.92
15.85
71.67
86.00
75.28
42.26
65.05
61.85
0.91
81.78
24.40
47.58
55.46
5.91
87.15
95.08
44.92
58.38
12.86
65.31
2.32
24.55
97.33
93.56
83.96
74.29
31.59
78.92
71.39
82.81
37.25
58.73
33.81
20.28
59.18
96.98
74.76
52.97
76.39
16.11
4.10
41.88
95.69
53.32
79.87
26.30
57.49
12.13
84.07
77.69
85.60
87.47
10.56
28.70
26.10
53.77
70.89
24.47
45.58
35.65
1.27
67.86
50.70
22.48
52.60
63.95
57.58
56.05
35.51
42.30
69.57
42.49
31.20
12.92
54.19
88.35
23.38
42.60
5.36
9.17
64.40
18.29
61.33
51.51
80.47
92.28
33.85
9.97
78.83
23.20
86.53
53.52
43.65
17.08
82.41
82.90
42.82
62.96